	GSM977998	GSM978000	GSM978001	GSM978002	GSM977997	GSM977999
AFFX-BioB-5_at	7.3382435	7.024503	6.805617	7.0446	7.2842937	6.93194
AFFX-BioB-M_at	7.779178	7.7839403	7.4780054	7.55646	7.7183104	7.7131076
AFFX-BioC-3_at	8.514073	8.63297	8.512155	8.734157	8.582987	8.592406
AFFX-BioC-5_at	8.441038	8.528507	8.340215	8.456415	8.4878435	8.504526
AFFX-BioDn-3_at	10.906947	10.9208355	10.8853655	10.988565	10.948467	10.935326
AFFX-BioDn-5_at	9.680953	9.721897	9.325203	9.466342	9.440213	9.708252
AFFX-CreX-3_at	12.598421	12.989276	12.94492	13.022624	12.544524	13.07254
AFFX-CreX-5_at	11.923462	12.082423	11.869241	11.955152	11.767603	12.032721
AFFX-DapX-3_at	7.043864	7.175853	6.9526815	7.2395077	6.93782	7.059952
AFFX-DapX-5_at	4.7359324	4.674792	4.534782	4.846215	4.665809	4.782705
AFFX-DapX-M_at	6.2901936	6.4736357	6.2726603	6.5312486	6.2228436	6.415622
AFFX-Dr-AB076373-1_at	3.1021063	3.0916665	3.4466074	3.6398344	3.2005198	3.3878036
AFFX-Dr-AF292559-1_at	2.478741	2.5933268	2.8318236	2.5770483	2.6422362	2.8041246
AFFX-Dr-AF292559-2_s_at	2.2290752	2.2970145	2.2051947	2.083873	2.1363177	2.124913
AFFX-Dr-AF292559-3_s_at	2.3274765	2.3082743	2.333092	2.3595054	2.4174073	2.268955
AFFX-Dr-AF292559-4_s_at	2.9646256	2.950918	3.0162532	3.1775546	3.0001798	2.806618
AFFX-Dr-AF292560-1_s_at	2.5203438	2.6542847	2.9807098	2.6485684	2.7911558	2.5096166
AFFX-Dr-AF298789-1_at	2.54104	2.6328604	2.6823878	2.7699022	2.7472746	2.602976
AFFX-Dr-AF323980-1_at	2.4781775	2.4644084	2.5287826	2.6177175	2.4566634	2.548231
AFFX-Dr-AJ002682-1_s_at	3.0134943	3.2102325	3.483319	3.3016386	3.3027632	2.8267999
AFFX-Dr-AJ002682-2_s_at	3.6587303	3.652682	3.6593635	3.675745	3.413857	3.4723928
AFFX-Dr-AJ132968-1_at	3.2983925	3.5900493	3.5655239	3.826709	3.5474222	3.3437781
AFFX-Dr-AY056050-1_at	5.1844287	5.194102	5.4368134	5.2288404	5.3092995	5.1086974
AFFX-Dr-AY342347_s_at	3.8408692	4.294759	4.253134	4.1402955	4.4213667	3.7899785
AFFX-Dr-ECOLOXB_at	2.829067	3.0543697	3.1011944	2.9143732	2.8829153	2.6781635
AFFX-Dr-ECOLOXL_at	2.271401	2.1055827	2.3515432	2.2421048	2.29009	2.1752687
AFFX-Dr-GAPDH-3_at	10.326447	10.450682	10.596168	10.449307	10.401311	10.159582
AFFX-Dr-GAPDH-5_at	9.327542	9.277848	9.559318	9.5000925	9.552073	9.153531
AFFX-Dr-GAPDH-M_at	10.013555	10.092062	10.262929	10.208071	10.167842	9.865544
AFFX-Dr-J01347-1_s_at	2.1668265	2.2684028	2.3278835	2.3811429	2.357186	2.2438262
AFFX-Dr-J01347-2_at	2.6614027	2.8896246	2.9484947	2.6167707	2.7225206	2.606782
AFFX-Dr-J01347-3_at	2.9647036	2.9011796	2.9860876	3.1851053	3.0643544	3.1724148
AFFX-Dr-J01347-4_at	2.867989	2.9597437	3.2831025	3.1793435	2.9544005	2.7988338
AFFX-Dr-J01636-1_at	4.799075	4.886222	5.0405183	4.98701	4.7824345	4.8405323
AFFX-Dr-J01636-2_s_at	4.232965	4.193089	4.4595656	4.1317143	4.3426204	4.247831
AFFX-Dr-J01636-3_at	3.172082	2.93401	3.2752972	3.1918051	3.3278337	3.061647
AFFX-Dr-J01636-4_at	3.0022683	2.9188266	3.1673546	2.9984	3.005283	2.8200045
AFFX-Dr-K01486-1_at	3.4532032	3.1818287	3.7180545	3.5783393	3.2527857	3.2142625
AFFX-Dr-M10961-1_at	3.4358604	3.6214008	3.7339845	3.6571207	3.5227382	3.5119035
AFFX-Dr-M10961-4_at	2.6959987	2.5527892	2.6851664	2.662633	2.5795503	2.5513825
AFFX-Dr-M15077-1_at	2.5153952	2.6250231	2.5933745	2.7374792	2.7061281	2.3910444
AFFX-Dr-M15077-1_s_at	3.034863	3.120231	3.0675952	2.975943	2.9237661	2.9750795
AFFX-Dr-M57289-1_s_at	3.6408603	3.6384163	3.9353416	4.0404773	3.9404318	3.5266626
AFFX-Dr-M62653-1_at	2.321793	2.4361718	2.7486024	2.719386	2.672769	2.5753343
AFFX-Dr-M62653-1_s_at	2.4869425	2.382684	2.548013	2.5010738	2.4853368	2.2974606
AFFX-Dr-NM_131175-1_s_at	5.43476	5.297669	5.6278667	5.3256874	5.2851634	5.120224
AFFX-Dr-S69414-1_s_at	2.7352748	2.8410316	3.2636516	3.290401	2.9180136	2.997689
AFFX-Dr-U43284-1_s_at	5.0972123	5.416038	5.314229	5.3286605	5.2718997	5.0502367
AFFX-Dr-U46493-1_s_at	2.5828664	2.6415994	2.735599	2.3956733	2.635595	2.7119827
AFFX-Dr-U47295-1_at	3.8122122	4.103446	4.13082	4.24339	3.7979228	3.9065719
AFFX-Dr-U55943-1_at	2.8613348	2.8731039	2.884212	2.8862998	3.0518696	2.8485737
AFFX-Dr-U57609-2_s_at	3.6396372	3.840705	4.207574	4.053805	3.8464825	3.743634
AFFX-Dr-U89963-1_s_at	2.8977284	2.8535542	2.7745318	2.8103657	3.0051627	2.743264
AFFX-Dr-X03453-1_at	2.5421934	2.6847963	2.5411534	2.54909	2.5437443	2.3116884
AFFX-Dr-X03453-2_s_at	13.316286	13.390206	13.229691	13.274903	13.332245	13.32647
AFFX-Dr-X58791-1_s_at	2.9255335	2.9713	3.023704	2.9120374	3.368086	2.9282773
AFFX-Dr-X58791-2_s_at	3.2305806	3.0477989	3.2059636	3.1904602	3.2230344	2.9382827
AFFX-Dr-acta1-3_at	14.156394	14.108227	14.165519	14.151653	14.153385	14.151653
AFFX-Dr-acta1-5_at	11.812242	11.2977705	11.613601	11.710412	11.6735115	11.922704
AFFX-Dr-acta1-5_x_at	12.56191	12.200579	12.492885	12.545408	12.480053	12.675752
AFFX-Dr-acta1-M_at	13.020909	12.940584	13.00143	12.999272	12.975131	13.118931
AFFX-Dr-pAsRed2_at	4.6328444	4.8319955	5.179117	5.0558977	4.832263	4.762464
AFFX-Dr-pDsRed1-1_s_at	5.0701466	4.979913	5.3131866	5.0874414	5.1204753	4.732413
AFFX-Dr-pd2EGFP_at	5.3153505	5.55165	5.8551283	5.66233	5.643798	5.29896
AFFX-LysX-3_at	4.6706214	4.7944865	4.322125	4.7966948	4.8294945	4.790364
AFFX-LysX-5_at	2.9823935	3.042619	3.0012043	3.0601377	3.236102	2.9946187
AFFX-LysX-M_at	3.405221	3.4711828	3.566398	3.5012977	3.4157183	3.3223705
AFFX-PheX-3_at	5.631572	5.572773	5.9391265	6.043887	6.047951	5.848461
AFFX-PheX-5_at	3.4970284	3.719984	3.4930117	3.787466	3.8879242	3.71683
AFFX-PheX-M_at	4.2823825	4.1860466	4.2015023	4.1447825	3.9853284	4.2734914
AFFX-ThrX-3_at	5.4017534	5.404051	5.358203	5.7799697	5.369771	5.550879
AFFX-ThrX-5_at	3.6858995	3.67057	3.6179826	3.6588373	3.8105536	3.5009036
AFFX-ThrX-M_at	3.467218	3.6790044	3.5310135	3.8404942	3.6298366	3.5806346
AFFX-TrpnX-3_at	2.542631	2.5800004	2.4944108	2.6300619	2.3784523	2.4787076
AFFX-TrpnX-5_at	2.890324	2.947665	2.9884763	2.9747772	2.9020896	2.8883097
AFFX-TrpnX-M_at	2.603215	2.576011	2.5725718	2.6903136	2.838609	2.67539
AFFX-r2-Bs-dap-3_at	6.9115834	6.946913	6.2655354	6.491297	6.492808	6.973183
AFFX-r2-Bs-dap-5_at	5.2699537	5.0950785	5.0430427	4.8442717	5.1826935	4.943888
AFFX-r2-Bs-dap-M_at	6.1561103	6.1123614	6.1319394	6.329867	5.9452686	6.1225433
AFFX-r2-Bs-lys-3_at	3.038004	2.746154	2.967073	3.1932411	3.156403	3.1519976
AFFX-r2-Bs-lys-5_at	3.1748183	3.200406	3.0062726	2.6662252	3.3018062	2.813795
AFFX-r2-Bs-lys-M_at	2.9486232	3.017839	3.125361	3.3546684	3.0598927	3.0509005
AFFX-r2-Bs-phe-3_at	5.4327	5.4685435	5.1414332	5.5227585	5.5074024	5.4895563
AFFX-r2-Bs-phe-5_at	3.9683764	3.5738795	3.6209471	3.753052	3.8726342	3.92681
AFFX-r2-Bs-phe-M_at	3.2023723	3.4470177	3.5754614	3.541691	3.2629733	3.79798
AFFX-r2-Bs-thr-3_s_at	5.958704	5.771904	5.9712396	6.1902976	5.8138537	6.186374
AFFX-r2-Bs-thr-5_s_at	3.122306	3.1180363	3.4085352	3.6916857	3.007899	3.577089
AFFX-r2-Bs-thr-M_s_at	4.180617	4.258613	3.9572728	4.7571354	4.1424623	4.6821375
AFFX-r2-Ec-bioB-3_at	7.187912	7.1619377	7.2536974	7.371254	7.312325	7.2116923
AFFX-r2-Ec-bioB-5_at	7.064515	7.1518764	6.8629403	6.8645806	7.1839495	7.2362866
AFFX-r2-Ec-bioB-M_at	7.955227	7.9839773	7.853836	7.7814183	7.950739	7.993565
AFFX-r2-Ec-bioC-3_at	9.363125	9.262814	9.43127	9.440536	9.42907	9.294929
AFFX-r2-Ec-bioC-5_at	8.725901	8.649573	8.734472	8.745096	8.680724	8.68686
AFFX-r2-Ec-bioD-3_at	11.440711	11.412408	11.358484	11.371971	11.417626	11.43631
AFFX-r2-Ec-bioD-5_at	10.521065	10.583502	10.40737	10.417126	10.41389	10.557324
AFFX-r2-P1-cre-3_at	13.049924	12.932323	12.980959	12.946722	12.9763	13.115663
AFFX-r2-P1-cre-5_at	12.602364	12.638082	12.6672535	12.65414	12.53523	12.709341
AFFX-r2-TagA_at	3.3837316	3.1451938	3.4948227	3.355834	3.6181052	3.5010297
AFFX-r2-TagB_at	3.0354357	3.2793095	2.9816606	2.9205275	3.0261364	2.6536756
AFFX-r2-TagC_at	2.360824	2.6420753	2.5309749	2.3202226	2.5902102	2.6379807
